0.5878107 0.5255476 0.8629892
0.4480069 0.9211385 0.4947692
0.6783689 0.6172904 0.5984228
0.03492308 0.8237329 0.6280895
0.354941 0.4768408 0.6665757
0.7078876 0.2481441 0.1178760
0.4739588 0.7828687 0.4315834
0.543682 0.3778418 0.3739124
0.842898 0.6921767 0.566978
0.1722780 0.9308661 0.03469431
0.8303708 0.6699758 0.5465181
0.249326 0.5772932 0.2198252
0.1233122 0.7614468 0.4588703
0.900201 0.2713732 0.5264303
0.7162233 0.559467 0.9107925
0.4295516 0.3801769 0.4150974
0.06899217 0.6780764 0.4475287
0.5824847 0.4671503 0.5605389
0.1588811 0.9084365 0.02068918
0.9482065 0.5030361 0.4843586
0.3788266 0.9137319 0.0729522
0.2141264 0.6281884 0.8419933
0.3982638 0.8116432 0.2854851
0.4081216 0.8793635 0.6030868
0.7042493 0.797715 0.4480463
0.5088424 0.02063724 0.544242
0.07971712 0.5801243 0.7632915
0.3586305 0.2821597 0.4652841
0.252267 0.3260453 0.6858692
0.1808070 0.9120195 0.8448536
0.8609463 0.5619955 0.623456
0.6827764 0.4855547 0.76834
0.2400483 0.5252291 0.99094
0.2185781 0.3930086 0.3908483
0.8080125 0.3304401 0.7105279
0.2892070 0.340491 0.4400826
0.5760768 0.4957169 0.7896104
0.2762104 0.5507685 0.818718
0.9553909 0.3638839 0.5847851
0.2337561 0.1394701 0.7330161
0.1428655 0.2600478 0.2744977
0.3065559 0.368856 0.4541327
0.4050923 0.3433591 0.4143242
0.3957132 0.645361 0.3107471
0.05623431 0.5406817 0.7379814
0.561753 0.7286855 0.3163359
0.3398464 0.192055 0.09371266
0.8337808 0.1592708 0.4515979
0.2761500 0.5925185 0.0697613
0.08590133 0.8875563 0.5522258
0.325348 0.982056 0.9642037
0.9467188 0.002479354 0.4944071
0.9441282 0.2151054 0.793479
0.8249257 0.8082428 0.4251251
0.2765656 0.8332674 0.5105138
0.5636764 0.7874342 0.6515178
0.8221985 0.06953138 0.01740153
0.4786267 0.7151465 0.9832384
0.4631125 0.9295291 0.4091623
0.08921181 0.85281 0.3139537
0.208432 0.4250091 0.6741668
0.2199187 0.2520108 0.5327962
0.9286803 0.7769161 0.303374
0.8279992 0.2376291 0.973782
0.7040306 0.4601447 0.4245931
0.4062561 0.6161986 0.0408871
0.6995351 0.8292266 0.6795437
0.6142231 0.5694455 0.8886649
0.2069797 0.2438945 0.6005494
0.4082462 0.04453216 0.5929776
0.1570760 0.605658 0.2202638
0.8706609 0.2415907 0.6135966
0.5072632 0.5212097 0.5618896
0.6804502 0.02569508 0.0301187
0.9494564 0.4256703 0.008914119
0.2224516 0.2544824 0.5248304
0.8586403 0.4283685 0.842448
0.1993716 0.6141975 0.8908408
0.8172674 0.8860367 0.960814
0.7905537 0.09599568 0.4609912
0.901986 0.2629955 0.4600985
0.3936316 0.2209033 0.7827356
0.7082837 0.2050818 0.8559375
0.289889 0.03589628 0.6063766
0.315193 0.4337687 0.7658751
0.6913327 0.25512 0.3087254
0.5562727 0.5591075 0.3481905
0.05717526 0.2093371 0.741445
0.5646365 0.7148142 0.2071562
0.8096094 0.993251 0.6730206
0.09886535 0.5360064 0.3262505
0.1334452 0.8644164 0.9854916
0.1332021 0.929788 0.3799098
0.9113665 0.04901039 0.09176383
0.1094895 0.8310624 0.0009692893
0.5262538 0.1487993 0.1565114
0.5998747 0.1906460 0.745003
0.7542047 0.8202007 0.1333621
0.4183663 0.3099390 0.09433737
0.7765729 0.810401 0.8732502
0.945892 0.8161001 0.3835725
0.956534 0.2870522 0.1135064
0.09756883 0.5638552 0.5050116
0.955373 0.1871332 0.5244429
0.4624583 0.05476383 0.1664582
0.5058749 0.5371255 0.6698788
0.1851429 0.08194854 0.825405
0.2148928 0.8607124 0.230239
0.6350225 0.7379837 0.7126998
0.6343458 0.3917765 0.6415466
0.3232910 0.1658262 0.0853388
0.01959672 0.3495311 0.9208163
0.3791176 0.9873589 0.5120949
0.1863396 0.5091835 0.3780449
0.6856179 0.7113032 0.09725784
0.1818187 0.2155916 0.6571813
0.00276327 0.1019483 0.5868201
0.6033864 0.3389372 0.6031457
0.5684399 0.9823277 0.7780074
0.8270947 0.9605017 0.3191576
0.2704306 0.750165 0.06711502
0.6512047 0.3031929 0.9583152
0.02115537 0.5020953 0.8221733
0.4141822 0.08553358 0.785562
0.9435693 0.5913587 0.05602792
0.01393948 0.5793856 0.3508581
0.8906786 0.1863486 0.1019841
0.934767 0.6907449 0.731567
0.1726980 0.4520844 0.1582246
0.880588 0.859507 0.2317499
0.6549359 0.8438665 0.1687761
0.4178579 0.9881623 0.1682527
0.1160558 0.1820603 0.04785927
0.6486132 0.4609458 0.928156
0.420424 0.1691395 0.2310207
0.8638689 0.1040274 0.849344
0.1598180 0.3148118 0.4505084
0.8697442 0.1638895 0.1556395
0.4588314 0.3522328 0.983914
0.7333884 0.5451055 0.6701371
0.1148729 0.6580038 0.9141666
0.5629648 0.1502897 0.8350548
0.6577218 0.4308376 0.6655292
0.1156366 0.7040569 0.1836123
0.7651618 0.9384602 0.7443052
0.01968934 0.4193891 0.3391303
0.2602803 0.5095091 0.7145318
0.7016094 0.77887 0.3587351
0.1425812 0.6268707 0.4779937
0.2261257 0.05481154 0.2937376
0.2691218 0.971092 0.4044567
0.6869113 0.4813578 0.7059446
0.9034478 0.06718552 0.2720827
0.02782646 0.7182145 0.05884876
0.8891623 0.8053347 0.8295477
0.7292743 0.9097163 0.8948288
0.1815260 0.03569753 0.5804507
0.1614267 0.7445035 0.01418063
0.3845524 0.1796887 0.6171606
0.08576512 0.9601457 0.9889881
0.2926174 0.8548116 0.4953124
0.2785702 0.2136098 0.774527
0.7246735 0.3772981 0.7417271
0.0546797 0.652534 0.4230865
0.6657133 0.1865016 0.1275895
0.0870226 0.3738302 0.4597781
0.3941962 0.2271749 0.8152832
0.8471253 0.7452028 0.8470891
0.3757096 0.6304552 0.4013448
0.733972 0.7917293 0.1446275
0.7422016 0.1515621 0.2295582
0.01329001 0.01371645 0.9626887
0.6526839 0.2519055 0.6372779
0.5565175 0.6036042 0.612967
0.2453647 0.9554849 0.5246273
0.5483997 0.5687526 0.4769182
0.7427358 0.1641511 0.3002842
0.3243449 0.2435121 0.5419683
0.06020054 0.4834886 0.3591267
0.8033627 0.5880361 0.2979523
0.4953889 0.2907625 0.2860755
0.0995899 0.02286029 0.2408526
0.239373 0.2685646 0.4570305
0.3251017 0.837335 0.09809507
0.05255546 0.4324772 0.1218639
0.8388889 0.936558 0.06934782
0.9870657 0.2982637 0.9059911
0.7515732 0.3555191 0.3689561
0.01406436 0.7637812 0.456108
0.8626172 0.07073133 0.6608329
0.3284155 0.02299672 0.1822409
0.8864749 0.6786813 0.09381368
0.4547504 0.884179 0.2123212
0.3163153 0.9870013 0.07517002
0.5680088 0.7315229 0.2770576
0.07863987 0.9783207 0.1621656
0.1681068 0.5491506 0.7819428
0.7493013 0.4583226 0.006223965
0.9124402 0.4186255 0.2997914
0.0311187 0.4885893 0.6514672
0.5115001 0.2057955 0.631272
0.9354725 0.931387 0.1690693
0.6319332 0.2699756 0.932455
0.1649491 0.5975999 0.1010578
0.2279476 0.4581653 0.6974635
0.06129313 0.09058716 0.9918848
0.1360242 0.8891822 0.1108754
0.6626128 0.977798 0.9032732
0.6194569 0.5872831 0.9485864
0.4059705 0.898545 0.7375355
0.3383084 0.3920308 0.3074096
0.3161801 0.1303947 0.9367468
0.4469286 0.2508504 0.4827452
0.6388179 0.4882006 0.1798423
0.6852484 0.4929094 0.7902212
0.3051423 0.7188631 0.566898
0.9316207 0.4876416 0.5412634
0.858806 0.2814654 0.959539
0.2240454 0.7084215 0.2341206
0.02893035 0.06649687 0.1386081
0.2331765 0.1515862 0.8109294
0.5013001 0.7094363 0.7449165
0.0845726 0.8031868 0.0579673
0.1191229 0.1930314 0.08608278
0.7792139 0.9005385 0.3903056
0.2369873 0.9091735 0.3221555
0.7503716 0.6028298 0.8636347
0.75634 0.7653273 0.784904
0.8214783 0.8647339 0.7950989
0.9879884 0.7720402 0.7403453
0.4937106 0.2991555 0.3515375
0.4168257 0.3371164 0.2712674
0.5935568 0.1199344 0.3775948
0.1861597 0.7186047 0.6361914
0.3497059 0.3725124 0.08772141
0.1737172 0.2528106 0.9534086
0.4451562 0.09025977 0.5351531
0.3985806 0.5751059 0.8634096
0.004505048 0.2563435 0.4975156
0.6780023 0.5903728 0.4402162
0.3279422 0.005707789 0.08276668
0.44523 0.9264797 0.5518084
0.9725334 0.8689248 0.4607477
0.9441633 0.5182504 0.6120327
0.007942437 0.5393608 0.1646826
0.1338489 0.3209497 0.7210583
0.4378025 0.1372905 0.8835207
0.06550972 0.4413717 0.05864263
0.3795107 0.7492803 0.0800857
0.7369917 0.701179 0.5741487
0.1342809 0.638347 0.6215533
0.9841974 0.3112042 0.009448662
0.2558545 0.4500892 0.3978446
0.3362645 0.4369855 0.595533
0.6403284 0.4821729 0.1300820
0.4409355 0.4748757 0.8808345
0.01112527 0.1392413 0.7353203
0.1587503 0.3346188 0.57896
0.4621914 0.562508 0.2153257
0.2293816 0.4383583 0.5657158
0.4490701 0.602978 0.5762375
0.03062295 0.9976 0.7099938
0.2815621 0.2994288 0.2625136
0.8802227 0.9187139 0.5902787
0.2732469 0.3269733 0.5026179
0.07294762 0.9141248 0.8282205
0.7421993 0.9992114 0.3154748
0.899946 0.5604032 0.2629050
0.5338018 0.8366654 0.2157763
0.764669 0.6460275 0.9941432
0.1506119 0.956383 0.3827902
0.6892948 0.6906566 0.9402863
0.4258089 0.09227668 0.7213796
0.4977875 0.4943085 0.4857637
0.4658054 0.4229595 0.3455083
0.2664137 0.4889079 0.535724
0.8141727 0.06352025 0.05356734
0.7497218 0.01622469 0.3498520
0.95309 0.569872 0.8414214
0.9196806 0.9452905 0.3946179
0.8600926 0.6089948 0.9131357
0.9978603 0.7689411 0.6329037
0.8769521 0.5655793 0.5009066
0.9152258 0.9831957 0.662142
0.1240908 0.7852667 0.5947833
0.5012993 0.6547463 0.416784
0.6079876 0.8968692 0.909327
0.3841395 0.1208939 0.2681079
0.5206016 0.7106391 0.5784201
0.07476835 0.2428292 0.7840602
0.518898 0.05684663 0.6709976
0.5143662 0.04721851 0.6540152
0.4991243 0.1086095 0.1595383
0.979744 0.4426195 0.8380208
0.04454943 0.7251095 0.949712
0.1722865 0.4863115 0.3672901
0.8269375 0.6560139 0.4936459
0.0577504 0.9036894 0.902383
0.2810932 0.5651118 0.8608322
0.07898696 0.7264323 0.6477113
0.3483767 0.2608589 0.4297629
0.2308475 0.5172191 0.02568698
0.4991496 0.7637146 0.08994135
0.6662169 0.1878291 0.1310227
0.09567425 0.3948414 0.5079799
0.4943071 0.3940236 0.9153778
0.946054 0.4379242 0.1130584
0.737033 0.4046719 0.7947348
0.1263615 0.6055554 0.4960791
0.5264757 0.6941428 0.4265752
0.3121658 0.03381793 0.3934155
0.0561314 0.7960492 0.2711128
0.4622337 0.3333868 0.8402179
0.04082581 0.6829938 0.7305305
0.2362386 0.8426575 0.9297974
0.9948672 0.6010261 0.6523521
0.5048774 0.1580953 0.4046752
0.005193688 0.3890857 0.287771
0.2248548 0.7591897 0.5314447
0.3559614 0.3527657 0.912942
0.3027602 0.6000835 0.8756596
0.8532055 0.2382971 0.7509324
0.3609211 0.4071346 0.1945178
0.5028955 0.2667126 0.07421604
0.04488322 0.601355 0.2041809
0.8128906 0.03971562 0.922278
0.1762272 0.7568616 0.9551247
0.9189935 0.9178388 0.2360908
0.1559958 0.8111577 0.4629835
0.4774821 0.6980407 0.8909056
0.06306719 0.3602526 0.5939108
0.3211917 0.5819527 0.6009913
0.3683731 0.8013167 0.4925425
0.7434051 0.02754810 0.4746426
0.5999226 0.3277524 0.5672112
0.4534951 0.61607 0.6149643
0.1451553 0.3362534 0.7111222
0.2404529 0.04261725 0.09162737
0.166209 0.1726078 0.5397654
0.6851226 0.2528472 0.3509793
0.830251 0.8226928 0.4638975
0.3791498 0.09982128 0.1865793
0.2210844 0.6472924 0.893995
0.5383388 0.1840776 0.2594165
0.8998011 0.06405783 0.2861371
0.1403022 0.2665792 0.3367555
0.6213201 0.6971207 0.5908432
0.2709731 0.3082502 0.4107431
0.6902065 0.4445514 0.4554499
0.7317367 0.291371 0.1625956
0.3532348 0.6560484 0.7571772
0.6386276 0.01717077 0.3553758
0.9777181 0.6679261 0.2080935
0.2372259 0.5505145 0.1680534
0.05369032 0.809661 0.3747534
0.961571 0.3966451 0.7257325
0.784589 0.1759410 0.994345
0.3826019 0.3465057 0.6356169
0.6951502 0.4503493 0.4457441
0.6213204 0.7162255 0.7054698
0.7867891 0.3715062 0.1479355
0.5440567 0.9329209 0.7010148
0.809801 0.5496729 0.009827918
0.1119117 0.5830191 0.4909092
0.698283 0.7715154 0.3445448
0.1236308 0.6408815 0.7326115
0.6277357 0.1729106 0.3878419
0.770856 0.1345591 0.8696502
0.006869412 0.2143643 0.2243613
0.4168889 0.4820815 0.1404889
0.5042 0.7607993 0.02699637
0.3147843 0.6457383 0.04137135
0.4365835 0.247159 0.5537023
0.09778305 0.6033772 0.7402159
0.01090043 0.4034594 0.3226522
0.3047792 0.9248052 0.8058181
0.511662 0.8176094 0.300698
0.4457036 0.9679396 0.7963055
0.06637623 0.2315078 0.791661
0.6663952 0.8734226 0.2429789
0.5970704 0.3956118 3.722543e-05
0.4397174 0.6379693 0.8703593
0.4804323 0.0493595 0.9722667
0.3893649 0.5857888 0.01044860
0.7905926 0.6495183 0.7817764
0.8449936 0.03397365 0.5988997
0.2876354 0.335715 0.4255715
0.5319941 0.3618209 0.3829787
0.04148373 0.802094 0.4392105
0.4164169 0.5456068 0.5258891
0.2448731 0.7362366 0.2135622
0.6552436 0.009401413 0.1592162
0.8706845 0.7911612 0.9108065
0.3443884 0.869072 0.1149372
0.8679744 0.1734117 0.2287006
0.8114987 0.8106862 0.560629
0.06759883 0.3599315 0.5511996
0.06781376 0.4460865 0.06619543
0.3823937 0.6986031 0.7500757
0.2130263 0.527476 0.2476196
0.7384336 0.2020258 0.5662518
0.5792792 0.3794086 0.06293906
0.9629566 0.2112880 0.6011185
0.7051194 0.82065 0.5778251
0.08110112 0.2861806 0.9871732
0.3474145 0.1999279 0.0728366
0.6376687 0.1704830 0.2838794
0.1689293 0.4586617 0.2316066
0.2616837 0.485643 0.5587052
0.981444 0.8603172 0.3289069
0.2305867 0.4233581 0.4648679
0.9789849 0.690098 0.3297238
0.7674612 0.6372529 0.9163668
0.7629248 0.3302479 0.1151638
0.7187518 0.276037 0.1874554
0.6403997 0.1552994 0.1681993
0.6115009 0.1552118 0.4277632
0.1696725 0.1681668 0.4819478
0.378186 0.9315856 0.1858394
0.7307666 0.7120447 0.6953686
0.7638097 0.3245407 0.07295682
0.5168746 0.4446363 0.01594614
0.09395048 0.4201876 0.6755714
0.2717397 0.5502961 0.856119
0.1840492 0.3992240 0.7389011
0.8403911 0.3922365 0.7898993
0.2092669 0.1465081 0.9956462
0.655304 0.9710085 0.928315
0.8308126 0.6300417 0.3029364
0.1472430 0.1570304 0.6169958
0.2887011 0.1792441 0.4771548
0.2497323 0.2040003 0.9764113
0.02246521 0.3470892 0.8803485
0.1582878 0.02659081 0.7349543
0.1704086 0.4078627 0.913499
0.8102296 0.6398869 0.5472547
0.524546 0.2219840 0.6109899
0.6680833 0.5095904 0.04479291
0.6824439 0.6915273 0.007168545
0.8192656 0.851077 0.733071
0.7387332 0.8347604 0.3599635
0.6469376 0.6419541 0.02928635
0.3981313 0.1252105 0.1680813
0.8815938 0.776831 0.7266417
0.3683711 0.6704513 0.7073683
0.2101481 0.8945739 0.4761105
0.8054982 0.5479949 0.03848547
0.2989586 0.4473824 0.993667
0.93556 0.6703581 0.6021084
0.5794269 0.05758603 0.1306743
0.2657718 0.4185618 0.1194243
0.94949 0.622121 0.1873163
0.5248091 0.4630076 0.05476375
0.1615142 0.4762112 0.4036396
0.1359371 0.1828663 0.8737637
0.5967854 0.7168393 0.9299673
0.1282504 0.3997962 0.2445242
0.868979 0.01315641 0.2581277
0.4303584 0.2590012 0.6807817
0.7536794 0.3950409 0.5871308
0.9674167 0.5203225 0.415185
0.8082075 0.1125803 0.4016143
0.3964626 0.7642475 0.01732138
0.2257007 0.1983118 0.1585646
0.1665813 0.5724063 0.9352059
0.4595789 0.3406202 0.9075112
0.3794856 0.1093126 0.2405050
0.4592165 0.5907538 0.4115741
0.1526604 0.211796 0.896832
0.4748284 0.777482 0.3914364
0.3512807 0.5847564 0.347012
0.8192648 0.7924805 0.3815004
0.1566778 0.506563 0.6292775
0.2165983 0.6360925 0.8671704
0.4781895 0.06460404 0.08391831
0.9220735 0.7771764 0.3643966
0.1917922 0.8711836 0.5009714
0.1651762 0.4823145 0.4073010
0.1029761 0.9521474 0.786099
0.1472682 0.8087174 0.5268906
0.8828874 0.5553088 0.3858667
0.3174206 0.4317236 0.7335558
0.5158225 0.4929327 0.3151933
0.4547657 0.8918546 0.2582359
0.5227241 0.8122213 0.1688110
0.7028746 0.6979487 0.861821
0.8893877 0.5799368 0.4751313
0.6313571 0.5119607 0.3895502
0.7296552 0.8719795 0.6649803
0.1420661 0.867574 0.926849
0.7529284 0.1759300 0.2792245
0.09197636 0.03883802 0.4052409
0.08190305 0.8442504 0.3283750
0.3719965 0.2766034 0.3116523
0.3804830 0.4780275 0.4438176
0.3606581 0.1695902 0.7716185
0.1033991 0.6758285 0.1243788
0.6638164 0.863489 0.2065864
0.4681174 0.9494268 0.4835038
0.3561816 0.7855553 0.5076973
0.9761865 0.287843 0.9413793
0.05768891 0.8737198 0.7231187
0.4752337 0.3433342 0.7829019
0.6074032 0.5983021 0.1231840
0.3543847 0.01765234 0.9164519
0.3398403 0.7909746 0.6872855
0.004941242 0.8440779 0.01999608
0.5232756 0.9596889 0.04865278
0.6547169 0.4904263 0.05010584
0.8867982 0.8698369 0.237837
0.5984902 0.4504084 0.3160384
0.842555 0.2109840 0.6829094
0.1986 0.04541548 0.4850929
0.5018179 0.6450717 0.3540689
0.3187678 0.7259874 0.4870137
0.3881955 0.9460502 0.1825414
0.5807968 0.8419082 0.8242782
0.368495 0.7924661 0.438342
0.4978569 0.04206307 0.7716665
0.2514314 0.5635899 0.1186567
0.6396309 0.7698754 0.8625741
0.2465664 0.7162312 0.07828962
0.02365671 0.4373337 0.4110916
0.5305464 0.4834545 0.1258091
0.403764 0.2903021 0.1079363
0.03489888 0.2379669 0.1137115
0.540567 0.2199981 0.4548856
0.749331 0.4020151 0.668112
0.3905359 0.3302075 0.4664219
0.8266645 0.7621894 0.1331564
0.9392337 0.4369943 0.1688625
0.08022645 0.9615961 0.04753858
0.6308665 0.3573516 0.4663114
0.5817039 0.2934211 0.5251913
0.5103577 0.335425 0.4193304
0.4971576 0.2089714 0.7794107
0.795721 0.7596301 0.3962914
0.5410775 0.6798427 0.2093584
0.1375660 0.941171 0.4089318
0.9830516 0.2179231 0.4600741
0.7991372 0.654156 0.7327013
0.5088033 0.4585082 0.1718199
0.9043452 0.879692 0.1390457
0.9170456 0.2508621 0.2517624
0.2528151 0.2510296 0.2308416
0.1257828 0.6771225 0.93069
0.4900374 0.5640149 0.9737525
0.7663809 0.8345124 0.1096469
0.1472695 0.8967951 0.05534508
0.2609144 0.06738058 0.0560541
0.7298994 0.8749093 0.6803614
0.2079849 0.1246567 0.8760758
0.1345447 0.9225854 0.3246105
0.6443941 0.9448705 0.8696763
0.714223 0.4582511 0.3215002
0.8047412 0.9349451 0.3669996
0.7874918 0.421954 0.4442983
0.8682038 0.210538 0.4493935
0.8015192 0.7645734 0.3737677
0.3614459 0.8047663 0.5755842
0.2106087 0.0833947 0.6048899
0.8787871 0.8287136 0.0631978
0.920764 0.9558041 0.4479483
0.08545265 0.4811809 0.1180118
0.3774425 0.2025484 0.818308
0.08691248 0.156703 0.1580057
0.5377074 0.8041927 0.9857898
0.6770044 0.1899182 0.04646958
0.569554 0.9990978 0.8686007
0.2197241 0.5009388 0.02811548
0.6602436 0.7084226 0.3083427
0.474253 0.0704337 0.1543248
0.2920454 0.3633493 0.5516874
0.03998039 0.2746958 0.2883513
0.2578457 0.9519125 0.3908631
0.7779666 0.1500313 0.8984885
0.04064996 0.1575028 0.5791675
0.05747925 0.1323682 0.2768957
0.470061 0.3283044 0.7392771
0.4809233 0.232046 0.06396642
0.2953844 0.1966084 0.5211913
0.3576718 0.4553092 0.5128088
0.9790699 0.2591395 0.7432083
0.1269942 0.07309076 0.2955968
0.1157637 0.03421113 0.1633939
0.6724632 0.564234 0.3332355
0.9213068 0.5287215 0.8805677
0.5249123 0.2243645 0.6219764
0.7125784 0.6776828 0.6528909
0.8182004 0.03318383 0.8352998
0.7131443 0.7611674 0.148706
0.04172954 0.9120233 0.09657412
0.3712348 0.3582418 0.8083374
0.6258484 0.4800538 0.2476871
0.1656382 0.7646454 0.09712844
0.7009617 0.3316145 0.6810312
0.1016567 0.4806599 0.9690488
0.4883536 0.2086827 0.8569136
0.2633374 0.8678014 0.8367722
0.2104202 0.731572 0.4956498
0.3897508 0.877657 0.7581844
0.6501942 0.0775052 0.6132834
0.9821537 0.3733716 0.400846
0.04473155 0.6607754 0.5620688
0.4254336 0.4939827 0.1349939
0.3641186 0.9697667 0.5415328
0.5212965 0.2539836 0.8322328
0.7075444 0.7551712 0.1631270
0.1822217 0.6251867 0.1111253
0.04007141 0.2403009 0.08116273
0.3242682 0.2151448 0.3724545
0.2984244 0.4384557 0.944914
0.7233836 0.8360748 0.5059966
0.5113065 0.5138693 0.4814578
0.263923 0.2504177 0.1271992
0.5094358 0.9118218 0.8860085
0.1096551 0.6838541 0.1162292
0.5426877 0.2100639 0.3761938
0.3665880 0.8137839 0.583411
0.1764111 0.8077673 0.2589036
0.2835162 0.370965 0.6741437
0.7061775 0.1697716 0.663032
0.4502469 0.7341942 0.3529427
0.5099083 0.882966 0.7086209
0.3050314 0.4526003 0.9703192
0.7485125 0.7582022 0.812601
0.05178592 0.9973072 0.51777
0.1308553 0.1252014 0.5735106
0.3142514 0.7239127 0.5152135
0.5760665 0.8194774 0.7322666
0.01830238 0.5194152 0.9517697
0.03588168 0.6493626 0.5732403
0.5951786 0.4119092 0.1148474
0.9819017 0.857784 0.3095888
0.1374760 0.03855710 0.9940588
0.6173386 0.757503 0.9889702
0.1162941 0.7970328 0.7355504
0.240007 0.8200882 0.760466
0.1820023 0.2478196 0.848897
0.8630058 0.5379615 0.4607169
0.9226474 0.3894327 0.03276967
0.6917233 0.8554129 0.9069675
0.7430888 0.2958252 0.08715208
0.8604858 0.378546 0.5269039
0.7545093 0.7849207 0.9189406
0.4493573 0.425678 0.5098526
0.2280135 0.779408 0.6243265
0.7312862 0.7687794 0.03110007
0.2675861 0.325616 0.5454209
0.3419818 0.1431023 0.7807778
0.3967463 0.3534773 0.5501475
0.1195893 0.7662082 0.5209452
0.2297974 0.6902771 0.07348645
0.2284244 0.7091686 0.1991915
0.8126319 0.08306786 0.1847199
0.3607089 0.501774 0.7642636
0.06961564 0.5393218 0.6093899
0.8024433 0.3301509 0.7589158
0.5821368 0.6625786 0.7362403
0.4542349 0.09924636 0.5073643
0.1509687 0.3395334 0.6784817
0.01509001 0.9842044 0.769416
0.7586571 0.6271981 0.9352747
0.9668653 0.3837196 0.6005302
0.1497047 0.493456 0.6133942
0.2392608 0.9150176 0.3367580
0.7853901 0.6815182 0.02059827
0.989926 0.754171 0.615693
0.906619 0.8984762 0.2312867
0.3014347 0.7270274 0.6492524
0.3522677 0.2703345 0.4515979
0.2765772 0.595082 0.08129712
0.1320444 0.06059255 0.1751553
0.5055991 0.4571964 0.1927866
0.04195237 0.5166347 0.7222369
0.683709 0.6021218 0.45935
0.3370037 0.8878728 0.2942031
0.7743633 0.9983524 0.02084469
0.1398961 0.6517745 0.6515822
0.04352213 0.3968933 0.9896606
0.3659239 0.2885982 0.4382739
0.03225940 0.2490914 0.2042140
0.9834612 0.06284084 0.5258944
0.5897985 0.805742 0.5262654
0.905914 0.6990958 0.04134876
0.9562301 0.3652418 0.5853801
0.2251039 0.08220246 0.46728
0.06385782 0.1776269 0.4910412
0.3476047 0.6662578 0.8691042
0.2183049 0.4878921 0.9626083
0.3846205 0.6442485 0.4039065
0.625202 0.1160541 0.06950629
0.3725508 0.6097485 0.3055333
0.3454634 0.3229806 0.8287137
0.0654562 0.9343142 0.01677920
0.6918476 7.28392e-05 0.7738086
0.6421961 0.888899 0.5536295
0.3216855 0.947448 0.7895178
0.2100758 0.1547939 0.03808168
0.8353449 0.6693343 0.4979015
0.9634004 0.2992894 0.1251325
0.05719063 0.2169515 0.7869935
0.7693974 0.5334423 0.2760777
0.8554853 0.6482124 0.1899069
0.3055299 0.1240177 0.994337
0.8498627 0.1501435 0.2520966
0.1612887 0.6988624 0.7415762
0.1596955 0.2839877 0.2666663
0.04410907 0.8646575 0.7909636
0.9638637 0.6645099 0.3122857
0.8931254 0.5481813 0.2509585
0.57212 0.1740932 0.8954791
0.8060357 0.7769024 0.4070927
0.4504347 0.03877354 0.1787291
0.7234125 0.7319135 0.8807687
0.6973902 0.2574233 0.2680281
0.2913584 0.3358976 0.3931603
0.3358836 0.4768586 0.8381992
0.7374675 0.881012 0.648865
0.9640816 0.9447046 0.9914928
0.4466159 0.7562599 0.5180168
0.3017615 0.1484181 0.1746550
0.7121668 0.7011062 0.7971356
0.4728583 0.6629293 0.7218506
0.3647400 0.6917846 0.8680478
0.9822256 0.0809235 0.645511
0.1447544 0.05892752 0.05077548
0.7743052 0.1888519 0.1643645
0.2865201 0.2398398 0.860358
0.003589898 0.2783173 0.6375947
0.3207126 0.1859233 0.2291262
0.7014472 0.1465473 0.5662595
0.07863067 0.3754489 0.5450173
0.891064 0.4412278 0.627791
0.795696 0.1240572 0.5830785
0.3819565 0.0440322 0.8265851
0.563221 0.9400597 0.5713692
0.9676782 0.6637464 0.2733741
0.6665274 0.5387973 0.2340371
0.555047 0.2239483 0.3482670
0.0740675 0.3100016 0.1934020
0.3703975 0.4817675 0.5570272
0.006256188 0.02429225 0.08944778
0.3180565 0.1033088 0.7573447
0.6142887 0.8696301 0.6891821
0.3084217 0.6478907 0.1115494
0.8382799 0.02573445 0.6098877
0.427716 0.07730686 0.6143974
0.9906226 0.414159 0.5693509
0.688674 0.007886133 0.8492504
0.02452744 0.5039107 0.8027172
0.2811069 0.4621865 0.2431575
0.2992662 0.6071797 0.9496824
0.2334771 0.853721 0.02103240
0.4427054 0.4669406 0.817295
0.7013054 0.8521766 0.8013113
0.1382782 0.6178682 0.4627049
0.2154157 0.1281501 0.8301596
0.8276064 0.4942022 0.5167557
0.6527147 0.2654865 0.718487
0.9215439 0.06287986 0.08338446
0.934388 0.8558679 0.7257152
0.6514805 0.3774455 0.401349
0.01108431 0.454365 0.6264311
0.6693019 0.3779314 0.243871
0.06184373 0.1762233 0.5007464
0.4184685 0.00409311 0.2583426
0.5132174 0.7542212 0.906371
0.6502349 0.7440701 0.6123068
0.9772098 0.3524973 0.3200956
0.7480982 0.6077284 0.9134868
0.01136494 0.8468084 0.9785662
0.2501212 0.6936314 0.9106978
0.2215037 0.1327424 0.8029207
0.622843 0.5107716 0.4590421
0.1573081 0.8124698 0.4590464
0.4420501 0.5208829 0.1468468
0.1931344 0.8371853 0.2849017
0.1747430 0.4843427 0.3333685
0.6411274 0.8464473 0.3085374
0.2331989 0.6223567 0.6353501
0.2108904 0.5471915 0.3851354
0.3860884 0.8503124 0.6270787
0.1096601 0.01425256 0.09857433
0.4631729 0.8918687 0.1826557
0.06911565 0.770793 0.002717148
0.07916585 0.4505408 0.990752
0.8896447 0.4211007 0.5198024
0.3289079 0.2952259 0.8111843
0.2100728 0.9597777 0.868011
0.5700668 0.6083022 0.5192121
0.6405525 0.1704063 0.2574652
0.01113459 0.7496208 0.3975135
0.6384939 0.2533419 0.773606
0.3615589 0.2068995 0.9873672
0.06210785 0.4863419 0.3590805
0.7774063 0.4327133 0.5996232
0.703319 0.8233054 0.6099612
0.2500192 0.01046419 0.812612
0.7814946 0.3754592 0.2193036
0.9366888 0.6464006 0.4482045
0.8716214 0.1958884 0.3307378
0.2214308 0.3519449 0.1187926
0.545251 0.2023727 0.3069778
0.02051237 0.3602737 0.9770308
0.6197215 0.9250518 0.9728179
0.5114407 0.3132833 0.2767336
0.8408513 0.5545059 0.7593733
0.565687 0.5597624 0.2673914
0.566487 0.9923993 0.8560125
0.2044816 0.5227772 0.2963285
0.07297595 0.7708993 0.9686122
0.8735795 0.5239671 0.2815877
0.9738218 0.308642 0.08745551
0.7469552 0.6946314 0.4451917
0.4194680 0.5100823 0.2852824
0.1209533 0.1581785 0.8604913
0.7393413 0.6916263 0.4956858
0.749478 0.03569583 0.4688734
0.4919778 0.7320064 0.964238
0.1973711 0.5060843 0.2601658
0.00623592 0.6959233 0.1194167
0.4531904 0.6443917 0.7876368
0.9262953 0.469041 0.4775881
0.6441595 0.5666642 0.6025499
0.5153217 0.6689815 0.3759935
0.2351276 0.02682441 0.04479817
0.02736937 0.7610327 0.3198717
0.06993608 0.5407714 0.6152035
0.8242788 0.4088411 0.03453711
0.5276531 0.8550845 0.3816292
0.5940147 0.1294257 0.4304219
0.4176999 0.6324026 0.03511679
0.5190772 0.7984119 0.1187770
0.5269548 0.09273583 0.8138215
0.04830659 0.9654459 0.357916
0.4584832 0.5296549 0.05158063
0.5425898 0.791313 0.8645702
0.06560388 0.6124916 0.08451448
0.9946628 0.2073467 0.2921144
0.8865666 0.69037 0.1631207
0.7653935 0.1242750 0.8571084
0.02417539 0.4310772 0.3688847
0.3336133 0.6817176 0.08778577
0.3912565 0.5574669 0.8234932
0.9237573 0.1311047 0.4728125
0.6569323 0.6862815 0.2052985
0.05525693 0.4838555 0.4058207
0.08022443 0.8289606 0.251744
0.04981817 0.03321306 0.7509148
0.2065714 0.4811948 0.02802663
0.8374063 0.7721982 0.09653228
0.6294101 0.90767 0.781329
0.5189442 0.08170432 0.8197285
0.1830318 0.7206347 0.676522
0.5734197 0.3518203 0.9501447
0.5344857 0.6556115 0.1232982
0.8392854 0.9260288 0.002604272
0.6813663 0.06475925 0.2562589
0.9547204 0.4219921 0.9394687
0.8388834 0.578082 0.9185418
0.3085122 0.5841976 0.7285756
0.1136747 0.1248680 0.7261361
0.2330042 0.8628005 0.07976492
0.7133853 0.5624278 0.9540985
0.6627411 0.38956 0.37269
0.7301 0.0263902 0.5874409
0.2871334 0.4358326 0.03079483
0.2622758 0.2965016 0.418527
0.8426477 0.2891431 0.1510292
0.3038872 0.4640603 0.04937701
0.1197192 0.2739219 0.5660589
0.9310562 0.4918075 0.5713392
0.001767933 0.8685545 0.1954158
0.3555040 0.3742817 0.04615433
0.908391 0.03495681 0.03422223
0.8907221 0.03633259 0.2014965
0.881986 0.4784469 0.9328078
0.2908245 0.349677 0.4806411
0.7367536 0.0947518 0.9377283
0.7736035 0.2020667 0.2499684
0.6812102 0.8375455 0.8943809
0.8283758 0.9208268 0.06957888
0.1300318 0.1539809 0.7535992
0.1357670 0.03220939 0.9713535
0.5382366 0.4872378 0.07929768
0.09064573 0.8301952 0.1653599
0.5204021 0.6341739 0.1214242
0.02098038 0.03306443 0.009563158
0.7597991 0.4727261 0.998165
0.7344546 0.4232431 0.9293667
0.7670126 0.2377748 0.5235356
0.001240416 0.2956219 0.7625676
0.9148084 0.6257422 0.5211782
0.4953887 0.2817289 0.231875
0.8556897 0.04726319 0.5823719
0.06886238 0.1718276 0.4112043
0.9207773 0.8238248 0.6559533
0.5212961 0.2241971 0.6535178
0.903333 0.5383375 0.1000283
0.7551325 0.6305404 0.9870497
0.2474344 0.6011593 0.3800465
0.8698454 0.7986537 0.9633133
0.5919969 0.8821612 0.9649957
0.8505229 0.4181763 0.8543518
0.3625244 0.4859802 0.6531614
0.545147 0.3924297 0.4482546
0.1576605 0.9116717 0.05108564
0.1014686 0.1490407 0.9810272
0.5447968 0.4395358 0.734043
0.4484366 0.08423182 0.4694618
0.05868455 0.1269509 0.2335443
0.2587078 0.4503482 0.3737193
0.1891816 0.7716158 0.9270605
0.6178209 0.3633809 0.6198973
0.4489558 0.1146592 0.6473528
0.852184 0.2869292 0.05191915
0.7291522 0.907641 0.883476
0.1320869 0.8412374 0.8586427
0.5807192 0.7565314 0.3127156
0.0675108 0.5906245 0.9361495
0.3012768 0.3823156 0.5824021
0.05357237 0.07981502 0.9967388
0.2620974 0.6019355 0.2527365
0.09899936 0.3193675 0.02521059
0.2769562 0.4348421 0.1164465
0.7850999 0.6625812 0.9095881
0.4942977 0.7794936 0.2282817
0.3542482 0.07095374 0.2374889
0.7863498 0.5806986 0.4070434
0.2159727 0.6324456 0.8509195
0.4135068 0.8227653 0.2150305
0.8852954 0.3764978 0.2913282
0.3594888 0.5349788 0.9744737
0.03203317 0.4219357 0.2433156
0.6624725 0.7849944 0.7477139
0.4213338 0.798578 0.999463
0.809577 0.862294 0.8875717
0.5647843 0.4005603 0.3203027
0.3167735 0.01791691 0.2565400
0.3779881 0.959068 0.3525150
0.483479 0.7282384 0.01811982
0.5545731 0.1643601 0.9950028
0.4907763 0.9896324 0.5208077
0.2181544 0.6216568 0.7665513
0.004396274 0.1274161 0.7249302
0.2028364 0.692646 0.3303491
0.7482799 0.5165377 0.3647071
0.5394033 0.9540559 0.8697055
0.6317302 0.963031 0.0926149
0.8884099 0.4969253 0.9858625
0.4428475 0.7843226 0.720308
0.2629441 0.09489316 0.2028619
0.3631327 0.3530394 0.8500423
0.9228991 0.887014 0.0159922
0.1128265 0.5330289 0.1827355
0.2991524 0.1502954 0.2094006
0.903745 0.5378644 0.09348205
0.7201129 0.4793389 0.3950176
0.05605489 0.7811713 0.1825335
0.0646599 0.7451577 0.889007
0.6276227 0.7646735 0.9394369
0.7545595 0.07242472 0.6435132
0.2092565 0.4639207 0.9002155
0.2260067 0.2541005 0.4905424
0.65635 0.5232187 0.2321623
0.6840052 0.01457043 0.931376
0.4571226 0.3603511 0.04800264
0.0448563 0.837114 0.6189777
0.1798396 0.5082383 0.4308734
0.01109551 0.1887126 0.03241575
0.4960815 0.6847472 0.6437495
0.6997727 0.4048907 0.1313896
0.1443214 0.6834221 0.8016396
0.6590387 0.7394758 0.5055063
0.3777555 0.7169762 0.9020577
0.9595605 0.638844 0.1970191
0.4325184 0.8219387 0.03896667
0.8363519 0.6674114 0.4773014
0.8571056 0.8469212 0.3675763
0.5831671 0.1908161 0.8963924
0.6610095 0.8985252 0.442066
0.5656695 0.4154229 0.4015116
0.6702636 0.4079772 0.4154903
0.8211475 0.1874721 0.734505
0.7197807 0.7081397 0.770812
0.2516146 0.5723793 0.1697442
0.8670513 0.6746097 0.2441965
0.3936918 0.1643822 0.4430672
0.1789635 0.08617627 0.9063865
0.6627324 0.8189162 0.9489056
0.3231877 0.3989760 0.4851664
0.3202148 0.554791 0.4468132
0.68776 0.1052418 0.4416104
0.7024862 0.2404236 0.1201660
0.5571837 0.2616084 0.5549974
0.9755086 0.8580749 0.3688718
0.4905571 0.6234963 0.3259638
0.3443161 0.1322220 0.6944869
0.9769238 0.6111609 0.874651
